63.000000 61.000000 51.000000 94.000000 87.000000 93.000000 93.000000 87.000000 94.000000 51.000000 61.000000 63.000000 41.000000 76.000000 58.000000 75.000000 75.000000 58.000000 76.000000 41.000000 63.000000 61.000000  

71.000000 42.000000 68.000000 100.000000 112.000000 101.000000 101.000000 112.000000 100.000000 68.000000 42.000000 71.000000 54.000000 68.000000 34.000000 65.000000 65.000000 34.000000 68.000000 54.000000 71.000000 42.000000  

61.000000 60.000000 64.000000 106.000000 100.000000 105.000000 105.000000 100.000000 106.000000 64.000000 60.000000 61.000000 53.000000 65.000000 67.000000 64.000000 64.000000 67.000000 65.000000 53.000000 61.000000 60.000000  

55.000000 76.000000 70.000000 104.000000 115.000000 107.000000 107.000000 115.000000 104.000000 70.000000 76.000000 55.000000 68.000000 82.000000 82.000000 65.000000 65.000000 82.000000 82.000000 68.000000 55.000000 76.000000  

60.000000 67.000000 49.000000 101.000000 74.000000 111.000000 111.000000 74.000000 101.000000 49.000000 67.000000 60.000000 62.000000 72.000000 77.000000 78.000000 78.000000 77.000000 72.000000 62.000000 60.000000 67.000000  

58.000000 43.000000 61.000000 79.000000 111.000000 109.000000 109.000000 111.000000 79.000000 61.000000 43.000000 58.000000 68.000000 69.000000 70.000000 44.000000 44.000000 70.000000 69.000000 68.000000 58.000000 43.000000  

58.000000 43.000000 61.000000 79.000000 111.000000 109.000000 109.000000 111.000000 79.000000 61.000000 43.000000 58.000000 68.000000 69.000000 70.000000 44.000000 44.000000 70.000000 69.000000 68.000000 58.000000 43.000000  

60.000000 67.000000 49.000000 101.000000 74.000000 111.000000 111.000000 74.000000 101.000000 49.000000 67.000000 60.000000 62.000000 72.000000 77.000000 78.000000 78.000000 77.000000 72.000000 62.000000 60.000000 67.000000  

55.000000 76.000000 70.000000 104.000000 115.000000 107.000000 107.000000 115.000000 104.000000 70.000000 76.000000 55.000000 68.000000 82.000000 82.000000 65.000000 65.000000 82.000000 82.000000 68.000000 55.000000 76.000000  

61.000000 60.000000 64.000000 106.000000 100.000000 105.000000 105.000000 100.000000 106.000000 64.000000 60.000000 61.000000 53.000000 65.000000 67.000000 64.000000 64.000000 67.000000 65.000000 53.000000 61.000000 60.000000  

71.000000 42.000000 68.000000 100.000000 112.000000 101.000000 101.000000 112.000000 100.000000 68.000000 42.000000 71.000000 54.000000 68.000000 34.000000 65.000000 65.000000 34.000000 68.000000 54.000000 71.000000 42.000000  

63.000000 61.000000 51.000000 94.000000 87.000000 93.000000 93.000000 87.000000 94.000000 51.000000 61.000000 63.000000 41.000000 76.000000 58.000000 75.000000 75.000000 58.000000 76.000000 41.000000 63.000000 61.000000  

64.000000 55.000000 50.000000 89.000000 116.000000 95.000000 95.000000 116.000000 89.000000 50.000000 55.000000 64.000000 45.000000 54.000000 46.000000 58.000000 58.000000 46.000000 54.000000 45.000000 64.000000 55.000000  

61.000000 61.000000 68.000000 87.000000 124.000000 106.000000 106.000000 124.000000 87.000000 68.000000 61.000000 61.000000 49.000000 61.000000 47.000000 67.000000 67.000000 47.000000 61.000000 49.000000 61.000000 61.000000  

79.000000 58.000000 54.000000 92.000000 85.000000 83.000000 83.000000 85.000000 92.000000 54.000000 58.000000 79.000000 81.000000 56.000000 59.000000 33.000000 33.000000 59.000000 56.000000 81.000000 79.000000 58.000000  

61.000000 69.000000 51.000000 91.000000 105.000000 96.000000 96.000000 105.000000 91.000000 51.000000 69.000000 61.000000 62.000000 62.000000 46.000000 44.000000 44.000000 46.000000 62.000000 62.000000 61.000000 69.000000  

61.000000 69.000000 51.000000 91.000000 105.000000 96.000000 96.000000 105.000000 91.000000 51.000000 69.000000 61.000000 62.000000 62.000000 46.000000 44.000000 44.000000 46.000000 62.000000 62.000000 61.000000 69.000000  

79.000000 58.000000 54.000000 92.000000 85.000000 83.000000 83.000000 85.000000 92.000000 54.000000 58.000000 79.000000 81.000000 56.000000 59.000000 33.000000 33.000000 59.000000 56.000000 81.000000 79.000000 58.000000  

61.000000 61.000000 68.000000 87.000000 124.000000 106.000000 106.000000 124.000000 87.000000 68.000000 61.000000 61.000000 49.000000 61.000000 47.000000 67.000000 67.000000 47.000000 61.000000 49.000000 61.000000 61.000000  

64.000000 55.000000 50.000000 89.000000 116.000000 95.000000 95.000000 116.000000 89.000000 50.000000 55.000000 64.000000 45.000000 54.000000 46.000000 58.000000 58.000000 46.000000 54.000000 45.000000 64.000000 55.000000  

63.000000 61.000000 51.000000 94.000000 87.000000 93.000000 93.000000 87.000000 94.000000 51.000000 61.000000 63.000000 41.000000 76.000000 58.000000 75.000000 75.000000 58.000000 76.000000 41.000000 63.000000 61.000000  

71.000000 42.000000 68.000000 100.000000 112.000000 101.000000 101.000000 112.000000 100.000000 68.000000 42.000000 71.000000 54.000000 68.000000 34.000000 65.000000 65.000000 34.000000 68.000000 54.000000 71.000000 42.000000  

